%YAML:1.0
---
calibration_time: "Wed Dec 23 20:33:04 2020"
image_width: 640
image_height: 480
board_width: 6
board_height: 9
square_size: 1.
flags: 0
camera_matrix: !!opencv-matrix
   rows: 3
   cols: 3
   dt: d
   data: [ 5.3943167241800666e+02, 0., 3.3466396850666462e+02, 0.,
       5.3925881804366202e+02, 2.4089545286918226e+02, 0., 0., 1. ]
distortion_coefficients: !!opencv-matrix
   rows: 5
   cols: 1
   dt: d
   data: [ -2.8517166339876054e-01, 9.2418734053152526e-02,
       6.0957808670110186e-04, -7.5873017071677144e-04, 0. ]
avg_reprojection_error: 4.5408819023612207e-01
